93
88
81
92
87
73
62
50
60
77
92
84
72
69
87
109
118
115
129
144
146
143
142
117
92
84
84
98
101
119
143
178
167
174
214
170
175
156
160
255
255
235
200
165
96
68
94
123
110
86
100
149
192
227
224
155
112
138
153
158
164
162
162
192
156
162
147
120
91
77
76
69
70
99
117
107
84
56
57
67
79
92
94
111
136
144
126
103
98
103
112
112
125
211
192
155
198
180
195
249
165
243
255
255
174
88
59
47
26
34
35
20
15
35
109
229
255
238
182
177
199
207
191
169
154
173
186
212
121
171
190
177
150
129
103
81
81
110
123
102
79
62
60
84
110
109
113
136
153
131
103
62
32
64
129
145
138
175
168
196
194
192
221
255
255
167
255
218
119
93
127
118
97
120
135
138
160
189
199
201
203
196
198
206
219
222
214
221
201
147
156
201
41
84
120
159
182
169
117
81
84
102
127
117
96
78
57
62
92
114
134
153
129
88
84
93
80
85
109
74
25
69
153
191
253
233
215
247
165
212
255
229
209
219
234
229
226
225
203
164
141
147
152
159
176
183
191
191
150
120
140
170
202
126
120
191
7
37
45
72
112
148
162
144
116
101
96
90
66
44
29
18
25
71
116
119
97
57
22
31
61
59
75
88
102
129
106
14
0
204
175
255
237
229
244
205
175
138
128
141
149
159
189
206
219
240
221
188
178
187
190
186
150
109
145
189
190
107
105
182
33
62
61
54
52
72
108
141
151
117
70
58
52
33
40
59
52
44
76
102
80
58
67
88
103
99
99
107
94
55
0
0
48
195
82
137
195
255
245
235
242
185
137
114
125
161
198
211
196
195
203
211
215
211
208
206
193
146
156
231
255
127
184
234
22
36
46
56
55
65
68
75
104
121
96
64
80
77
53
39
31
47
89
123
101
54
22
28
25
9
2
15
12
0
0
0
201
181
163
211
103
155
237
220
208
255
255
255
240
203
151
126
125
157
192
203
154
118
143
197
194
94
19
41
57
37
37
91
66
76
81
86
95
90
86
85
79
84
92
83
73
61
31
36
45
86
90
54
39
38
31
32
53
77
65
27
42
54
0
142
255
144
177
206
176
140
70
148
177
79
34
93
89
73
106
167
253
255
255
255
205
116
142
98
29
44
76
67
45
18
67
112
156
155
148
138
129
117
112
107
98
77
81
88
67
52
69
78
78
80
70
43
22
0
2
28
43
78
117
110
78
73
227
255
101
46
56
67
75
97
108
68
63
50
48
72
74
67
64
39
34
38
107
194
251
255
172
82
53
80
102
79
51
80
127
99
147
144
157
167
174
191
195
179
163
154
147
139
127
124
131
120
75
36
53
74
69
58
37
36
24
0
3
36
98
185
183
0
0
86
109
77
61
65
131
135
99
100
95
99
93
98
105
106
121
82
18
24
188
205
59
40
91
109
87
52
63
132
105
84
133
134
140
144
153
158
164
180
189
184
175
169
117
84
172
227
233
255
225
196
219
247
161
86
44
66
88
91
107
27
5
62
96
55
46
118
96
96
117
142
120
76
89
99
91
86
93
113
125
136
110
63
54
110
79
77
118
95
73
45
129
107
86
82
85
91
91
88
82
66
68
94
104
104
102
85
55
26
19
43
82
115
130
137
163
197
225
255
255
255
207
185
191
149
167
198
150
0
0
84
109
91
93
105
135
110
67
76
104
106
84
93
115
117
136
105
85
144
110
94
80
82
47
102
129
94
70
120
54
59
72
75
57
43
62
88
83
79
130
148
100
61
43
34
29
17
2
0
0
0
0
35
92
92
157
255
248
201
190
214
254
245
247
172
81
99
77
71
102
135
120
70
89
112
120
96
107
117
114
127
156
140
117
105
49
75
73
137
100
75
88
159
45
46
42
42
48
59
66
62
50
55
87
101
64
34
53
74
64
33
5
14
4
0
0
0
0
0
18
88
105
31
0
8
117
221
193
148
54
83
104
67
69
109
140
137
71
93
128
109
103
130
124
140
155
123
123
100
100
73
129
103
82
70
154
172
23
44
44
61
98
101
77
40
25
40
52
42
14
23
70
98
102
91
55
10
0
12
70
100
110
112
95
78
85
102
121
126
100
89
85
98
110
93
93
85
61
62
108
152
130
91
111
135
122
118
147
152
134
130
115
92
92
111
121
96
77
143
166
145
54
84
91
98
108
95
57
27
23
38
77
104
96
93
80
71
87
78
46
23
60
158
155
140
136
129
120
114
102
104
100
101
102
107
123
132
144
166
166
154
135
102
61
80
138
136
112
121
137
126
136
161
136
132
130
104
82
132
104
75
142
159
125
78
113
133
136
127
115
92
52
58
98
127
147
160
164
167
155
102
50
36
87
131
135
125
116
113
115
115
114
119
121
125
126
120
117
110
106
107
110
112
137
148
156
168
159
112
76
91
134
137
129
137
130
162
169
138
117
60
123
103
73
138
153
109
92
149
105
123
132
136
130
90
50
77
139
166
140
87
82
143
172
123
92
122
113
100
109
90
86
85
87
91
96
97
97
99
99
99
105
110
119
121
122
122
120
128
139
149
163
180
176
104
57
138
146
152
137
154
220
164
61
91
125
85
142
144
110
124
160
151
91
103
102
108
116
99
79
83
102
136
161
142
101
96
91
78
114
153
149
140
128
129
122
118
102
90
93
101
104
116
121
123
125
123
122
118
117
123
126
128
136
137
147
163
191
217
110
45
157
178
125
94
177
111
43
140
121
144
133
129
154
149
122
106
60
59
59
73
88
89
92
106
97
82
73
49
19
15
54
88
89
77
61
92
131
127
139
140
132
128
130
122
120
116
116
119
127
134
146
144
146
148
146
144
147
143
155
179
123
113
80
55
168
68
46
70
134
0
80
87
43
133
127
100
67
38
26
20
41
37
41
48
68
88
94
112
133
111
40
0
0
0
9
25
22
8
10
33
97
148
161
167
155
148
142
135
139
142
140
137
134
136
134
136
141
138
146
154
159
167
135
113
172
138
145
35
149
46
86
93
58
0
164
111
16
0
4
13
30
43
67
78
48
60
77
82
81
85
98
115
117
97
76
54
56
72
74
83
87
99
124
142
132
69
2
29
98
128
134
135
139
142
146
151
151
151
152
153
164
164
165
163
165
179
171
92
57
152
138
153
158
74
155
96
21
30
0
90
99
0
0
21
57
78
97
111
73
85
107
106
93
105
127
136
137
132
134
125
122
120
110
133
155
159
154
149
116
48
0
0
0
68
132
147
143
143
138
138
136
135
140
141
147
151
154
155
160
172
189
73
89
153
137
57
103
91
27
100
84
86
52
83
108
22
52
19
24
48
63
77
142
126
125
125
111
105
96
70
63
67
65
69
66
67
122
170
156
96
54
103
154
146
134
154
156
142
122
114
106
101
102
108
111
110
118
123
126
133
137
137
132
134
142
171
191
52
144
135
141
138
34
52
43
84
86
0
0
35
35
5
0
18
27
19
91
67
65
70
64
79
94
83
61
48
33
26
34
35
69
136
140
124
115
127
134
113
111
120
115
104
103
105
105
116
126
129
136
138
137
129
128
122
125
138
146
151
153
152
153
167
196
229
68
84
130
129
161
0
0
93
47
53
56
33
6
0
7
30
72
39
36
52
58
61
69
84
76
58
44
45
58
52
32
53
91
149
199
119
90
105
110
108
115
135
147
147
148
141
132
124
114
117
122
130
142
149
156
153
147
131
135
146
170
201
207
87
112
177
167
153
178
121
0
60
139
93
79
104
124
88
48
26
67
49
47
68
85
89
82
64
76
99
104
109
100
83
45
5
1
37
89
81
104
136
151
154
154
142
133
115
106
112
119
128
134
142
144
142
127
122
129
132
145
166
176
181
202
171
59
84
171
138
162
137
178
168
151
0
62
127
102
66
74
127
132
121
88
84
77
76
86
109
122
104
94
104
101
86
50
40
73
80
65
10
115
216
129
136
136
130
118
113
116
120
131
134
129
128
123
122
126
133
144
152
157
163
170
174
188
175
93
43
112
173
136
158
159
142
172
147
185
143
0
73
121
113
66
62
97
129
91
89
87
86
89
107
129
124
103
72
41
22
0
0
37
67
17
160
255
110
97
101
98
110
110
112
119
116
111
109
116
129
141
145
146
148
150
155
159
156
158
143
92
55
101
145
161
144
151
156
129
164
162
139
159
237
0
1
90
118
112
97
82
108
88
82
83
89
90
81
78
38
16
14
49
45
22
0
0
0
0
233
216
203
239
63
52
87
99
106
112
117
128
140
148
146
135
118
119
143
150
142
129
114
104
84
87
149
155
145
136
151
154
133
138
171
146
138
148
235
60
0
78
106
121
122
114
99
88
86
81
75
48
28
0
118
255
245
242
240
255
255
246
200
45
200
223
185
216
182
105
70
61
56
71
87
103
112
111
106
95
118
174
124
127
136
129
114
114
115
150
149
140
138
152
148
136
126
164
159
135
137
150
231
77
0
56
119
130
119
124
121
66
72
75
58
12
196
224
255
236
225
211
191
177
164
171
207
234
182
179
218
239
255
247
226
247
234
213
178
164
144
147
150
200
255
179
113
143
140
108
111
134
149
147
135
135
146
146
136
131
150
153
155
145
135
155
227
37
15
26
112
138
132
143
152
51
62
35
59
255
230
190
171
166
173
175
167
162
166
183
170
143
140
157
162
160
216
255
231
239
255
255
253
219
184
148
119
207
247
80
127
145
107
104
144
152
141
133
130
146
146
143
129
140
142
145
145
163
148
185
135
0
81
120
125
138
123
144
151
40
71
59
49
255
255
225
205
206
193
186
182
173
159
153
168
178
168
147
139
151
161
178
255
207
194
191
181
167
133
109
125
255
165
107
149
117
109
146
151
128
139
139
136
140
139
124
124
143
133
132
142
152
184
121
0
98
121
128
131
130
126
137
160
36
75
77
19
32
200
255
245
221
204
197
188
175
173
186
183
171
173
176
168
138
131
138
151
255
198
197
182
182
166
164
255
255
154
92
120
104
152
168
138
134
146
137
143
135
118
109
135
139
142
128
118
121
92
0
118
168
141
107
111
143
137
142
175
33
62
63
32
0
0
32
134
188
189
185
186
199
208
207
203
203
211
221
214
175
155
149
131
211
232
216
205
190
196
247
230
192
255
153
74
89
138
136
136
147
137
139
126
86
92
123
137
120
83
71
104
147
0
45
155
161
132
122
94
114
141
143
166
52
54
29
87
170
205
181
163
181
184
176
149
141
149
159
169
175
183
203
212
203
185
177
184
189
255
224
255
248
250
255
234
239
228
205
157
156
171
108
103
114
108
70
7
49
93
100
93
68
87
195
255
255
157
53
45
63
101
116
94
73
102
115
146
32
44
222
255
251
224
207
196
187
187
187
177
164
150
131
122
122
113
105
108
143
179
222
240
170
224
221
214
217
250
249
230
202
186
187
203
204
208
169
125
153
180
134
68
112
126
146
170
255
255
255
255
255
228
118
85
104
140
152
133
103
71
71
122
14
174
255
218
199
206
204
214
214
214
217
216
211
215
217
188
149
136
140
129
140
153
206
223
214
189
235
189
204
206
192
216
210
213
205
206
222
219
219
237
241
246
255
255
202
175
174
218
255
255
251
239
255
255
255
255
237
180
143
145
171
174
147
156
26
142
234
232
192
187
193
202
203
193
189
187
194
202
200
188
178
160
156
134
151
227
190
200
166
157
174
181
148
182
135
91
90
106
137
145
131
115
102
92
93
110
146
184
219
225
192
184
193
200
223
251
244
224
210
216
205
172
116
87
145
210
181
145
21
33
41
190
244
245
239
236
240
236
221
208
188
164
141
134
125
107
102
109
116
154
154
160
150
159
132
144
103
78
91
130
161
153
138
156
166
155
152
151
132
113
120
130
136
155
198
204
86
73
97
131
173
202
209
199
195
204
208
205
205
203
222
255
3
48
46
20
37
47
46
47
69
75
85
183
168
146
169
168
149
145
142
156
168
150
138
143
79
113
128
104
107
122
117
69
101
159
202
156
153
164
165
163
166
163
178
186
174
167
155
175
169
74
62
84
99
136
176
198
204
211
221
230
244
236
241
255
0
45
68
56
31
15
20
38
11
2
164
193
176
183
178
165
164
176
159
148
162
162
149
122
134
142
139
146
137
125
174
130
99
102
139
206
178
171
167
164
174
202
216
200
187
192
180
163
200
218
51
83
122
143
160
182
205
228
236
241
248
250
255
255
0
30
65
62
56
52
70
63
35
204
225
187
178
166
166
178
177
163
148
141
149
167
159
164
171
178
161
157
171
132
156
176
132
124
121
144
181
195
215
207
190
185
183
162
141
143
169
208
237
255
84
47
91
120
144
165
193
227
248
246
223
207
238
255
0
21
56
69
79
96
96
48
147
255
224
194
192
204
210
203
187
182
174
161
153
177
184
187
196
198
181
153
186
168
160
188
189
184
190
181
197
193
219
239
237
201
169
171
190
197
202
235
237
120
117
124
113
109
130
158
184
209
232
239
223
215
246
255
0
53
95
109
125
136
138
120
123
255
255
255
255
255
255
255
255
255
255
255
255
255
255
255
255
255
255
247
255
255
255
255
255
255
255
255
255
206
153
209
255
255
255
255
255
255
255
255
255
233
245
255
254
252
246
240
232
238
251
255
255
255
255
255
0
0
0
0
0
0
0
0
0
0
0
0
0
0
0
0
0
0
0
0
0
0
0
0
0
0
0
0
0
0
0
0
0
0
0
0
0
0
0
0
0
0
0
0
0
0
0
0
0
0
0
0
0
0
0
0
0
0
0
0
0
0
0
0
0
0
0
0
0
0
0
0
0
0
0
0
0
0
0
0
0
0
0
0
0
0
0
0
0
0
0
0
0
0
0
0
0
0
0
0
0
0
0
0
0
0
0
0
0
0
0
0
0
0
0
0
0
0
0
0
0
0
0
0
0
0
0
0
