124
100
103
98
93
89
87
91
98
101
98
90
83
83
92
103
111
117
123
128
128
123
120
117
119
126
134
145
160
172
179
191
194
200
212
211
219
214
206
197
186
176
164
154
143
133
128
128
128
136
154
168
175
178
182
182
179
174
166
158
157
159
152
146
147
137
123
115
105
96
90
88
91
96
95
90
81
75
80
91
102
111
116
120
122
119
111
105
105
109
114
122
138
154
169
176
189
197
203
220
208
217
210
196
186
174
163
151
141
130
123
123
129
135
147
167
182
188
185
183
180
177
175
164
156
157
150
135
129
132
132
131
124
112
99
93
91
94
95
89
81
72
70
79
93
103
110
110
108
107
104
96
92
96
101
105
113
129
148
174
180
196
205
209
225
209
216
205
188
176
164
154
146
140
134
133
136
142
150
164
181
190
189
179
175
176
175
171
158
151
146
129
114
107
114
125
131
128
117
103
94
91
92
88
79
70
63
65
80
96
103
104
100
94
91
89
83
82
89
93
94
99
117
141
172
182
202
214
215
226
211
209
193
174
163
158
156
155
155
156
158
161
164
170
179
187
187
178
166
167
173
169
163
151
137
123
106
91
89
99
112
122
125
117
103
92
88
86
76
67
61
59
65
82
95
96
91
84
77
75
75
73
76
79
77
73
89
112
139
168
177
199
215
212
217
212
200
180
166
161
162
164
169
173
176
179
179
178
179
182
181
171
155
146
152
158
149
147
137
117
103
85
79
82
90
101
111
116
113
100
88
82
75
65
58
57
60
67
80
87
81
72
66
63
63
64
66
69
65
69
73
95
114
139
164
166
185
204
201
198
195
183
166
157
156
159
167
178
186
191
191
182
174
169
167
162
147
128
121
128
135
128
130
124
108
93
84
85
87
91
97
102
108
107
95
82
76
68
60
58
61
64
67
72
73
64
57
58
62
63
61
65
74
69
75
84
99
120
142
151
151
161
180
179
168
164
158
147
140
140
147
161
178
192
198
194
174
160
149
142
136
122
104
103
111
118
115
123
124
107
99
100
101
101
102
103
102
104
102
92
81
77
71
65
65
69
70
68
65
61
53
49
56
65
69
69
73
80
79
81
90
107
123
135
141
137
136
150
147
136
136
136
130
127
127
132
143
162
186
194
181
153
136
124
117
111
99
89
91
97
103
109
121
122
115
116
118
120
119
117
114
110
105
99
95
92
91
86
80
81
85
84
75
64
57
54
53
62
74
77
80
85
87
84
91
107
110
116
121
131
126
116
123
120
110
109
114
113
113
117
120
126
145
175
178
156
129
115
103
93
92
87
85
86
89
98
110
119
120
122
124
128
130
129
126
121
112
101
94
97
102
105
104
99
99
104
103
92
78
71
71
74
82
91
92
97
100
95
93
96
107
100
103
109
119
117
103
103
101
97
95
100
103
106
111
110
110
126
152
151
131
111
98
91
85
88
86
90
88
91
99
108
112
114
116
119
124
128
130
127
118
106
93
86
93
102
105
105
100
101
107
112
108
100
97
101
102
106
108
111
120
120
100
92
92
99
94
96
102
115
111
97
96
97
98
97
100
107
110
115
110
103
112
129
122
105
96
90
90
89
92
91
93
86
87
93
97
98
98
101
105
110
116
121
118
105
94
82
76
83
90
92
92
87
88
95
106
110
109
115
125
122
118
118
124
136
133
110
91
92
100
94
95
104
115
110
94
96
101
103
101
106
113
117
122
117
109
110
113
100
92
91
92
93
94
99
95
88
79
79
84
86
84
82
82
86
91
97
102
98
88
79
72
68
68
68
68
70
70
73
81
94
105
110
123
134
128
120
120
131
144
138
119
97
96
101
93
94
105
116
111
95
99
107
108
107
114
120
123
126
121
113
110
105
92
94
93
97
99
105
103
92
83
75
76
79
78
73
68
69
75
82
86
89
85
77
73
70
65
57
52
53
56
60
65
72
83
95
103
118
130
124
116
117
132
146
140
128
109
104
103
94
94
106
118
114
100
106
115
115
115
124
127
128
127
121
112
108
103
94
101
99
107
107
111
103
94
84
79
78
77
73
70
68
71
79
85
88
88
80
74
74
75
70
61
56
61
65
69
73
77
84
91
97
109
116
111
106
110
124
136
134
131
118
113
111
102
98
107
119
118
107
114
122
122
125
134
132
129
123
117
108
105
105
101
109
108
115
109
113
106
97
90
86
82
79
78
79
79
81
88
96
98
92
82
78
79
82
80
73
71
78
82
88
92
95
98
100
102
107
109
108
107
111
118
124
125
128
124
124
123
116
109
110
117
121
116
122
128
128
136
140
130
123
116
111
106
106
110
110
115
113
116
109
112
105
101
98
91
85
84
88
92
92
90
96
104
105
99
91
89
89
90
91
87
89
96
99
102
105
107
108
109
109
111
111
113
115
117
120
122
125
131
134
135
135
132
124
113
111
123
125
127
129
133
139
134
122
115
110
108
108
111
113
114
117
112
110
102
104
103
105
102
95
88
87
94
99
98
93
97
105
106
103
98
96
97
100
105
104
105
108
108
108
110
110
112
114
115
117
118
119
121
122
125
127
130
136
140
143
143
142
133
112
108
122
125
123
124
125
130
119
109
107
106
105
107
108
109
108
108
100
97
91
96
101
103
101
96
90
87
92
94
89
82
86
95
97
95
95
102
107
110
116
115
114
113
112
112
114
114
116
118
120
122
125
126
128
130
132
134
137
139
141
147
143
142
129
112
105
115
116
112
109
110
115
99
89
94
97
96
98
98
97
94
94
87
84
84
90
96
100
100
98
92
85
83
81
75
71
77
84
86
89
94
103
109
111
118
120
120
119
118
119
121
122
123
125
127
130
133
134
136
138
141
143
144
139
136
146
139
138
122
110
103
106
101
94
86
96
95
75
70
77
83
84
86
89
87
82
84
80
79
82
89
96
100
101
100
93
81
74
71
69
72
80
86
89
92
93
93
96
101
114
122
125
126
126
127
128
129
130
132
134
137
140
142
144
146
148
151
145
135
132
143
131
129
112
101
104
94
83
75
68
79
75
57
52
60
68
72
76
82
80
77
80
79
81
84
90
96
99
100
98
90
78
73
75
79
84
89
94
98
98
92
88
89
95
111
122
127
128
129
130
132
132
133
135
137
140
144
146
147
150
153
155
144
128
130
138
123
121
101
94
96
85
72
60
53
70
62
45
36
44
53
61
71
80
79
79
83
85
87
88
90
92
92
91
88
81
77
84
92
98
100
101
106
111
108
101
92
89
95
109
120
125
127
128
130
132
132
134
136
138
141
144
147
149
151
153
156
145
126
132
131
119
119
101
92
85
76
67
50
45
64
52
36
30
36
47
58
71
80
79
82
85
88
89
89
86
84
82
79
76
73
79
95
108
116
113
111
116
119
115
106
99
97
101
112
121
124
125
127
128
130
131
133
136
138
141
144
146
148
151
153
156
146
129
139
128
119
120
106
93
74
68
68
52
52
60
50
40
34
38
50
59
69
77
79
83
85
86
88
86
81
76
72
68
66
65
74
96
115
123
116
114
120
122
118
113
113
114
115
119
122
124
125
125
128
130
131
133
136
138
141
145
147
148
151
153
151
148
133
142
132
125
126
113
100
62
65
75
59
58
63
59
52
46
47
56
61
68
74
79
83
84
84
86
84
77
70
64
62
60
58
69
96
120
123
118
118
122
122
121
121
123
123
123
123
123
125
126
127
130
132
134
135
138
141
144
148
149
147
148
149
145
147
141
144
136
134
135
125
110
52
63
81
71
67
70
73
68
62
59
65
68
71
75
83
87
86
83
84
80
72
64
61
62
60
67
81
103
125
124
120
121
123
122
122
122
124
124
124
126
127
128
130
131
134
137
138
140
143
144
144
146
147
143
142
146
144
144
143
144
144
142
141
137
105
46
68
88
85
79
80
87
85
76
71
75
75
76
83
90
93
90
85
82
77
67
58
57
60
73
90
108
118
127
121
119
120
122
123
123
124
125
125
126
128
130
131
133
136
138
139
139
140
141
141
141
141
143
141
141
143
140
141
145
146
148
146
146
134
87
48
76
95
95
88
87
95
93
85
80
81
80
82
94
106
107
103
99
94
87
75
63
57
69
103
123
139
141
132
118
118
119
121
122
123
124
125
127
129
132
134
133
136
138
138
138
137
136
137
137
139
138
141
138
137
140
142
142
148
148
148
148
141
115
72
58
86
101
103
96
90
93
92
86
84
92
95
100
116
133
130
126
121
116
108
97
86
76
97
135
157
173
164
141
128
126
125
125
125
126
128
130
135
141
139
139
135
137
137
136
135
135
134
135
134
136
134
138
137
139
141
147
147
147
148
148
141
122
94
65
76
98
109
110
99
89
88
87
96
97
114
119
126
140
154
149
145
142
137
131
123
116
105
125
166
182
195
183
157
150
148
144
140
137
134
135
142
150
153
144
140
135
135
135
134
133
132
131
132
133
136
136
138
140
144
144
148
147
146
142
136
123
106
81
75
97
111
116
109
96
86
83
99
124
124
140
145
150
163
175
169
164
162
161
157
152
147
135
155
182
192
205
195
178
176
171
164
154
148
144
151
156
160
154
143
139
133
133
133
133
132
132
131
134
135
138
139
140
140
143
144
148
142
135
132
120
112
97
83
96
113
121
115
102
89
80
82
122
153
154
169
173
176
181
185
179
174
171
171
170
167
165
158
170
181
193
214
203
197
196
190
180
168
164
162
167
162
161
154
142
137
134
133
132
133
133
133
133
135
135
137
138
138
138
141
140
138
133
122
123
111
103
97
99
115
123
119
105
93
81
75
83
137
178
181
188
188
188
186
182
178
175
173
173
173
170
167
164
167
175
192
218
208
206
205
200
193
182
181
183
175
160
155
143
139
136
135
133
134
133
131
130
131
132
134
134
136
137
138
132
129
125
126
118
118
102
103
112
117
125
122
108
95
87
85
85
96
152
187
193
191
188
184
182
180
177
176
175
178
179
175
169
165
168
175
195
218
211
209
205
202
198
191
191
195
178
153
144
135
135
136
135
132
128
127
125
125
128
130
133
138
145
149
142
120
116
116
121
113
114
103
112
122
126
122
113
108
98
101
108
111
121
162
185
191
189
183
179
176
174
173
173
173
175
179
179
176
173
173
182
201
216
214
212
208
205
203
199
199
201
175
150
142
136
138
140
136
127
121
121
123
128
136
142
148
158
168
169
146
114
109
110
121
118
116
110
115
123
120
118
118
120
122
131
138
141
147
165
182
189
186
180
176
171
168
166
165
165
169
176
182
183
183
180
191
206
212
213
212
210
208
206
203
199
198
172
156
152
145
147
150
143
129
124
126
133
143
158
168
174
184
192
187
157
121
115
120
129
129
123
113
116
117
114
125
133
142
150
159
167
172
173
178
186
189
185
180
174
167
160
157
155
156
166
173
184
187
188
185
196
202
203
204
202
202
201
199
196
189
185
171
163
160
153
156
161
156
141
135
139
151
165
181
191
197
207
213
205
172
140
130
132
138
139
132
120
113
105
109
133
152
167
176
182
186
190
190
189
190
188
183
177
170
161
151
148
146
150
162
169
180
184
184
181
188
184
185
184
183
184
183
183
181
176
173
167
162
159
155
161
169
167
157
154
153
164
176
194
207
213
219
219
208
183
163
150
146
151
156
148
120
102
93
98
135
162
170
175
179
182
186
190
189
187
184
178
173
165
155
146
144
144
149
160
162
171
173
170
167
170
160
161
161
163
168
167
170
170
168
166
163
159
158
160
167
174
175
173
170
157
161
172
187
202
210
213
211
204
195
184
173
167
170
174
151
110
92
81
90
125
144
146
148
154
168
176
185
184
180
177
172
166
159
151
146
147
146
150
160
155
160
159
153
152
152
142
140
143
149
159
158
163
165
163
161
160
158
159
163
168
173
177
180
174
147
145
154
167
183
195
202
204
205
204
199
192
186
189
171
132
94
78
72
80
102
113
118
130
141
162
171
180
179
175
171
165
159
152
147
148
149
149
151
156
150
150
150
143
142
143
133
129
134
147
161
160
165
167
165
164
165
163
162
164
169
173
175
180
166
128
125
134
150
169
186
197
204
208
209
208
207
206
183
141
105
75
68
69
70
80
93
108
127
140
159
169
177
176
171
168
162
155
150
149
153
155
155
154
154
146
147
148
140
141
145
136
130
137
153
169
169
173
174
172
170
172
171
170
172
176
178
173
173
150
114
114
127
143
162
181
197
207
212
213
214
217
196
149
107
75
65
68
70
70
73
98
122
139
150
168
175
177
174
170
166
160
156
152
154
160
161
161
157
155
149
151
150
146
149
153
146
144
149
156
167
170
177
180
178
176
179
180
178
176
181
179
167
162
140
113
118
130
146
162
180
196
207
211
213
214
192
149
104
64
52
57
61
64
64
68
101
125
141
149
158
160
157
152
148
144
139
136
134
137
143
144
145
142
138
136
137
136
133
138
140
135
136
140
137
140
147
157
161
159
158
160
161
158
154
159
154
142
137
116
103
109
119
130
143
157
170
179
182
183
184
135
94
49
32
37
42
45
47
49
52
84
106
112
115
116
116
113
108
105
102
99
97
96
99
104
105
106
104
100
98
100
98
98
102
102
100
103
106
99
96
104
112
116
115
114
115
116
114
111
114
108
96
91
80
78
81
87
94
102
111
119
125
127
128
129
80
38
17
20
23
26
28
30
31
34
59
71
68
70
71
71
69
65
62
61
59
59
59
60
63
64
65
63
59
60
61
59
61
63
62
63
65
67
57
53
59
65
69
70
70
71
73
71
67
68
61
54
52
51
51
52
54
56
60
65
69
71
74
75
77
26
5
6
7
8
9
10
10
10
12
22
23
22
23
24
24
23
21
20
20
19
20
20
20
21
22
22
21
19
20
20
20
21
21
21
21
22
23
18
16
18
20
22
23
24
25
25
24
22
22
18
18
18
18
18
18
18
19
19
21
22
23
24
